
Final grid
 9  9  7  6  7  8  6  7  8  9  4  [94m3[0m  9  3  [94m1[0m  3  6  7  8  9  9  9  9  8  9  7  6  7  6  7  8  9  9  9  8  6  5  4  [94m3[0m  5  6  7  9  [94m3[0m  9  8  6  5  4  3  2  3  6  7  8  9  9  9  9  8  7  6  5  4  3  1  3  4  6  8  9  5  4  5  6  9  8  6  5  3  3  4  5  6  8  9  [94m1[0m  6  9  8  7  6  4  3  2  3  6  7  8  9 
 9  7  5  4  3  9  5  6  7  8  9  9  8  7  5  4  5  9  9  8  9  8  9  7  8  9  5  4  5  6  7  9  9  9  9  7  6  5  5  6  7  8  9  4  9  8  7  7  5  4  1  3  4  7  8  9  9  8  7  9  8  7  4  3  2  [94m0[0m  3  4  5  7  8  9  3  4  7  9  9  7  3  2  [94m1[0m  2  4  7  9  4  2  5  6  9  8  4  3  2  [94m1[0m  4  5  7  9  9 
 9  8  4  3  [94m2[0m  3  4  5  8  9  8  9  9  8  6  6  6  9  8  7  8  6  7  6  7  9  4  3  4  5  6  7  8  9  9  8  7  6  8  7  8  9  9  9  8  7  6  5  3  1  [94m0[0m  4  5  6  7  8  9  7  6  5  9  9  5  7  3  1  2  3  6  8  9  3  [94m1[0m  2  9  8  9  8  4  5  9  6  5  9  9  9  3  4  6  7  9  5  4  9  2  3  4  6  8  9 
 8  6  5  4  7  8  5  7  8  9  7  8  9  9  7  9  8  9  7  6  4  5  4  5  9  8  9  [94m2[0m  9  6  7  8  9  5  6  9  8  7  9  8  9  9  9  9  9  9  8  7  3  2  1  5  6  9  8  9  5  8  3  4  9  8  7  6  4  3  3  4  5  6  8  9  2  9  8  7  8  9  9  9  8  9  9  8  9  8  9  5  9  9  8  9  9  8  9  6  5  8  9  9 
 9  8  6  5  6  9  6  8  9  5  6  7  8  9  8  9  9  9  9  7  3  1  3  4  6  7  9  9  8  9  8  9  5  4  5  6  9  9  9  9  8  8  8  9  2  [94m1[0m  9  5  4  5  2  4  8  9  9  5  4  2  [94m1[0m  2  9  9  8  6  5  5  6  7  6  7  9  9  9  9  7  6  9  9  8  6  7  9  7  6  7  6  9  9  7  6  7  8  9  7  8  9  6  7  8  9 
 9  8  7  6  7  8  9  9  [94m3[0m  4  7  9  9  9  9  8  9  9  7  8  9  [94m0[0m  2  3  5  6  8  9  7  9  9  9  6  [94m2[0m  9  7  8  9  9  9  7  6  7  9  3  9  8  7  8  4  3  6  7  8  9  6  7  4  3  9  8  8  9  8  6  6  8  9  7  9  9  9  8  8  6  5  7  9  7  5  9  8  7  5  5  5  8  9  6  5  6  6  5  6  8  9  7  9  9  4 
 9  9  9  7  8  9  8  9  5  6  7  8  9  9  8  7  9  7  6  5  3  1  3  4  5  6  7  9  6  7  7  8  9  9  8  9  9  9  8  7  6  5  6  8  9  9  9  8  9  5  4  7  9  9  4  9  8  9  9  8  7  7  9  8  7  7  9  8  9  [94m3[0m  9  8  7  6  5  4  6  7  9  4  5  9  5  4  [94m3[0m  4  7  8  9  4  3  3  4  8  9  9  8  9  [94m2[0m  3 
 8  9  9  8  9  8  7  9  9  7  9  9  9  9  9  5  9  8  7  6  3  2  4  5  6  7  8  9  5  4  5  6  9  8  7  8  9  [94m4[0m  9  8  5  4  5  6  8  9  9  9  9  7  5  9  2  1  3  4  9  8  9  8  6  6  4  9  8  9  9  7  5  4  5  9  7  6  4  3  8  1  2  3  9  8  6  5  6  5  6  9  6  5  [94m1[0m  2  6  7  8  9  9  4  3  4 
 7  9  9  9  8  9  6  8  8  9  9  9  8  7  5  4  6  9  8  7  4  3  4  5  8  9  9  7  3  [94m2[0m  4  7  8  9  5  7  9  5  9  7  9  3  4  7  7  8  9  2  3  9  7  8  9  [94m0[0m  4  5  9  7  6  6  5  4  3  1  9  9  8  9  9  6  9  9  7  5  3  2  1  [94m0[0m  1  2  5  9  7  6  9  7  7  8  9  5  3  4  5  6  8  9  7  6  4  5 
 6  7  9  8  7  6  5  5  6  7  8  9  9  6  4  [94m3[0m  9  8  7  6  5  4  5  9  9  7  6  5  4  3  7  9  9  4  4  6  8  9  8  6  7  2  4  5  6  7  9  1  [94m0[0m  9  8  9  8  9  5  6  8  9  5  4  3  2  1  [94m0[0m  1  2  7  7  8  9  8  7  6  5  4  3  3  1  2  3  4  5  9  7  8  9  8  9  7  6  4  5  6  7  9  7  9  9  6  7 
 4  9  8  7  6  5  4  3  7  8  9  8  9  7  5  6  9  9  8  7  6  5  6  8  9  9  7  6  5  4  6  7  9  2  3  9  9  6  5  4  2  1  2  3  8  9  8  9  1  2  9  6  7  8  9  7  9  8  7  8  7  6  3  1  4  3  5  6  7  8  9  8  7  6  5  4  4  4  3  6  5  6  9  8  9  9  9  9  8  7  5  6  7  8  9  6  7  8  9  8 
 2  [94m0[0m  9  8  7  5  4  2  3  5  6  7  8  9  9  9  7  7  9  8  7  6  7  9  7  9  8  7  6  5  6  9  1  [94m0[0m  9  8  7  5  4  3  1  [94m0[0m  1  2  4  5  7  8  9  9  4  5  6  7  9  8  9  9  9  7  6  5  4  3  5  7  6  8  9  9  9  9  8  7  6  5  5  6  4  7  7  8  9  9  9  9  3  [94m2[0m  9  9  6  7  8  9  4  5  8  9  2  9 
 3  9  8  9  9  7  6  [94m1[0m  2  7  8  8  9  9  8  7  6  6  7  9  9  7  8  9  6  7  9  8  7  6  7  8  9  1  9  8  7  6  5  4  4  2  4  6  9  9  8  9  6  8  3  2  3  9  8  9  3  [94m2[0m  9  8  7  6  5  6  6  8  8  9  7  8  9  8  9  8  9  6  6  8  5  8  8  9  5  6  8  8  9  9  8  6  9  8  9  2  3  4  9  3  1  [94m0[0m 
 9  8  6  8  9  9  7  3  4  6  9  9  9  8  7  5  4  5  4  5  9  8  9  4  5  6  9  9  8  9  8  9  3  2  3  9  8  7  6  5  5  3  6  7  8  9  9  9  5  4  3  [94m1[0m  9  8  7  8  9  3  4  9  8  7  6  7  8  9  9  7  6  9  8  7  5  9  5  9  7  8  6  8  9  3  4  5  6  7  8  9  6  5  4  9  [94m0[0m  1  2  5  8  9  2  1 
 8  7  5  4  3  9  8  7  5  7  9  9  7  6  5  4  3  2  3  5  7  9  4  [94m3[0m  6  9  8  9  9  8  9  6  9  3  9  9  9  8  9  6  6  4  5  8  9  2  [94m1[0m  8  9  5  4  6  9  7  6  7  8  9  9  9  9  9  8  9  9  2  3  4  5  9  9  7  4  3  4  9  8  9  7  9  3  2  3  6  5  6  9  6  5  4  3  2  1  2  3  4  7  8  9  3 
 6  5  4  3  2  3  9  8  9  8  9  9  6  5  4  3  2  [94m1[0m  2  4  6  7  9  4  9  8  7  6  9  7  6  5  7  9  8  9  9  9  8  7  7  5  6  9  4  3  4  7  8  9  6  9  8  7  5  6  5  6  8  9  8  6  9  4  3  [94m0[0m  4  5  9  8  7  6  3  2  [94m0[0m  1  9  9  8  9  2  [94m1[0m  2  3  4  7  8  9  8  7  6  4  2  3  4  5  6  7  8  9 
 5  4  3  2  1  2  3  9  9  9  9  8  7  9  5  4  3  2  3  6  7  8  9  9  8  7  6  5  4  3  2  4  5  5  6  8  9  2  9  9  8  9  7  8  9  4  5  6  7  8  9  9  7  6  4  3  4  8  9  7  6  5  4  3  2  1  2  7  9  7  6  5  4  5  1  2  9  8  9  4  3  2  3  4  5  9  9  8  7  6  5  4  3  4  5  6  7  8  9  2 
 7  5  2  1  [94m0[0m  1  2  9  9  9  8  9  9  8  7  6  5  4  9  7  8  9  9  9  9  8  9  7  6  2  1  2  3  4  5  7  9  1  [94m0[0m  9  9  9  8  9  8  5  6  7  8  9  9  8  6  5  4  2  3  7  8  9  8  7  5  4  3  4  4  5  9  8  8  6  5  6  2  3  9  7  6  5  4  3  4  5  6  8  9  9  8  7  6  5  4  5  6  7  9  9  2  1 
 8  6  3  3  4  3  9  8  7  8  7  9  9  9  8  7  8  9  9  8  9  7  8  9  9  9  9  8  5  1  [94m0[0m  1  2  3  6  7  8  9  9  8  7  8  9  9  7  6  8  9  9  8  9  9  8  9  3  [94m1[0m  5  6  7  8  9  7  6  5  9  9  8  7  8  9  9  9  8  7  3  4  9  8  9  9  5  4  9  8  7  9  3  2  9  8  7  6  7  8  7  8  9  5  4  [94m0[0m 
 9  8  6  4  5  9  8  7  6  5  6  8  9  9  9  8  9  6  5  9  5  6  7  9  8  6  7  9  3  2  3  2  3  4  5  6  9  8  7  6  5  7  7  8  9  7  9  [94m1[0m  6  7  8  9  9  8  9  3  4  5  6  7  8  9  8  9  8  9  9  8  9  3  2  3  9  8  4  5  6  9  8  8  9  9  8  9  8  9  2  1  [94m0[0m  9  9  9  8  9  8  9  8  4  3  2 
 9  9  9  8  6  7  9  8  5  4  3  4  5  9  9  9  6  5  4  3  4  6  6  8  9  5  9  8  7  6  4  3  4  5  7  7  9  7  6  5  4  6  6  7  8  9  4  3  4  5  9  8  9  7  8  9  7  6  7  8  9  9  9  8  7  9  9  9  3  2  [94m1[0m  3  4  9  5  6  9  8  7  6  4  5  6  8  9  5  4  2  1  3  4  5  9  9  9  8  7  6  5  6 
 8  9  9  8  7  9  8  9  4  3  [94m2[0m  3  9  8  7  6  5  4  3  2  3  5  5  9  5  4  3  9  8  9  5  4  5  6  9  8  9  8  8  7  [94m3[0m  4  5  6  7  8  9  4  9  9  8  7  9  5  6  8  9  7  8  9  9  9  8  7  6  7  9  5  4  3  2  3  5  9  7  7  8  9  8  6  [94m3[0m  4  5  7  9  7  6  3  2  8  9  9  9  8  7  9  9  8  6  7 
 6  8  9  9  9  8  7  6  5  4  9  4  5  9  9  8  7  5  4  [94m1[0m  2  3  4  5  9  9  1  [94m0[0m  9  7  6  5  6  7  8  9  9  9  9  6  5  7  6  7  8  9  2  9  8  9  7  6  7  4  5  6  7  9  9  9  9  8  9  6  5  6  8  9  5  4  3  4  5  9  8  9  9  9  9  5  4  8  6  7  8  9  7  5  4  6  7  8  9  6  5  4  9  8  7  8 
 5  9  7  9  8  9  8  9  9  9  8  9  9  9  8  6  5  4  3  2  3  4  5  6  7  8  9  1  2  9  7  6  7  9  9  9  9  9  8  7  8  9  7  8  9  [94m0[0m  1  9  7  5  4  5  2  3  6  7  9  8  9  9  8  7  6  5  4  6  7  8  9  5  4  5  6  7  9  [94m1[0m  9  8  7  6  5  6  7  9  9  9  8  7  5  7  9  9  6  5  4  3  4  9  8  9 
 4  6  5  6  7  8  9  8  8  9  7  8  8  9  9  8  7  6  7  3  4  9  6  7  9  9  9  9  9  8  9  9  8  9  9  9  8  7  9  9  9  9  8  9  8  9  9  7  5  4  3  2  1  2  4  5  6  7  8  9  9  8  6  5  3  4  6  8  9  6  5  6  9  9  4  2  9  9  8  9  7  9  9  8  9  9  9  8  9  9  8  9  4  3  2  [94m1[0m  9  8  9  8 
 3  5  4  6  7  9  8  7  7  5  6  6  7  8  9  9  8  9  8  4  5  7  8  8  9  9  9  8  9  6  7  8  9  9  9  8  9  6  5  4  3  4  9  6  7  8  9  8  5  4  2  1  [94m0[0m  1  3  4  5  6  7  9  2  9  6  4  2  3  6  7  8  9  9  9  8  8  9  9  8  7  9  9  9  8  8  7  9  8  9  9  9  8  7  8  9  4  6  9  8  7  6  7 
 2  1  2  4  9  9  9  6  5  4  5  5  6  9  9  9  9  9  9  5  7  8  9  9  9  8  8  7  8  5  6  7  8  9  9  7  8  9  9  3  2  4  4  5  6  9  8  7  6  5  3  4  1  2  4  5  6  7  8  9  1  [94m0[0m  9  8  [94m1[0m  4  5  6  9  8  7  6  6  6  7  9  9  6  5  9  8  7  7  6  8  7  9  8  9  8  6  9  9  9  8  9  8  7  5  6 
 4  [94m0[0m  1  9  8  8  6  5  4  3  4  4  5  6  7  8  9  9  8  7  8  9  4  9  8  6  5  6  7  4  5  6  8  9  8  6  9  7  8  9  [94m1[0m  2  3  4  5  6  9  9  8  9  7  5  3  3  5  6  8  8  9  8  9  9  8  7  2  3  4  8  9  7  6  5  5  5  6  7  8  9  4  9  7  6  5  4  [94m3[0m  5  6  7  8  9  5  8  7  8  9  8  6  5  4  5 
 2  1  2  9  7  6  5  4  3  2  [94m1[0m  3  7  9  9  9  9  9  9  8  9  4  3  4  9  7  4  3  [94m1[0m  3  6  7  8  9  7  5  4  6  9  8  9  3  4  5  6  7  8  9  9  9  9  6  7  4  6  8  9  9  9  7  8  9  7  6  4  5  7  9  8  6  5  4  3  4  5  6  9  3  2  9  8  7  6  5  7  6  7  8  9  4  4  6  6  9  8  7  5  4  [94m3[0m  6 
 7  4  3  9  8  7  6  5  4  3  4  4  6  7  8  9  9  8  7  9  5  3  2  1  9  8  6  5  3  4  7  9  9  6  5  4  3  5  6  7  8  9  7  6  7  8  9  8  5  9  8  7  9  6  8  9  9  9  7  6  7  8  9  6  5  6  9  8  7  5  4  3  [94m2[0m  3  4  5  8  9  1  [94m0[0m  9  9  7  6  8  9  8  9  3  2  3  4  5  6  9  9  6  5  5  7 
 6  5  4  5  9  9  8  6  5  5  5  6  7  8  9  6  8  9  6  4  3  2  1  [94m0[0m  1  9  6  5  4  6  8  9  8  7  6  6  2  3  7  8  9  9  8  9  8  9  8  6  4  6  9  9  8  7  9  9  8  7  6  5  8  8  9  9  6  7  8  9  8  7  5  6  4  6  7  6  7  9  2  9  4  3  9  7  8  9  9  3  1  [94m0[0m  1  2  4  5  9  8  7  6  9  8 
 9  6  5  6  7  8  9  9  8  6  8  7  8  9  9  [94m5[0m  9  8  7  6  4  3  2  2  9  8  7  7  5  9  9  2  9  9  8  3  1  4  9  9  [94m3[0m  4  9  8  9  9  9  4  3  [94m0[0m  1  2  9  8  9  9  7  6  5  4  5  7  9  8  9  8  9  8  9  8  6  6  5  6  8  7  8  9  9  8  9  1  [94m0[0m  9  9  7  6  5  6  2  2  4  5  6  7  9  8  7  8  9 
 8  9  6  7  8  9  3  2  9  7  8  8  9  6  8  9  9  9  8  7  8  4  3  4  6  9  8  7  6  8  9  1  2  3  9  1  [94m0[0m  9  7  6  4  5  6  7  8  9  6  5  2  1  2  7  8  9  9  9  6  5  4  3  4  5  6  7  8  9  8  7  9  9  8  9  7  7  9  8  9  8  9  7  9  9  9  9  9  8  6  5  4  3  6  5  6  7  8  9  9  8  9  3 
 7  8  9  8  9  8  9  [94m0[0m  9  8  9  9  3  5  6  8  9  9  9  8  9  6  5  9  8  9  9  8  8  9  1  [94m0[0m  1  9  8  9  9  8  9  7  8  8  7  8  9  9  7  5  4  3  3  5  7  8  9  8  5  4  3  2  3  4  5  9  9  9  8  6  7  8  9  9  8  9  2  9  9  7  8  6  7  7  8  9  2  9  8  7  5  4  5  6  7  8  9  7  8  9  3  2 
 6  9  8  9  8  7  8  9  9  9  [94m0[0m  1  2  4  5  6  7  8  9  9  9  8  7  9  9  9  8  9  9  8  9  1  2  9  7  9  8  7  8  9  9  9  8  9  7  9  8  9  6  4  6  7  8  9  9  7  6  5  4  [94m0[0m  1  5  6  8  8  9  2  4  8  9  7  8  9  2  [94m1[0m  9  8  6  5  5  6  6  9  9  [94m1[0m  2  9  7  6  5  6  7  8  9  7  6  9  9  9  [94m1[0m 
 5  9  7  8  5  6  7  8  9  6  4  3  4  5  6  8  9  9  9  9  9  9  9  8  8  6  6  4  5  7  8  9  9  8  6  5  4  6  9  8  9  9  9  5  6  7  9  8  7  5  6  8  9  8  7  6  5  4  3  1  2  4  5  6  7  9  1  3  3  6  6  7  8  9  9  7  6  5  4  4  5  5  7  8  9  9  9  8  7  6  9  8  9  3  4  5  6  9  8  9 
 4  5  6  4  4  5  6  7  8  9  5  6  5  6  8  9  9  8  9  8  9  9  9  7  7  5  5  3  4  6  7  9  7  6  5  5  3  4  8  7  8  9  3  4  5  9  9  9  8  6  7  9  5  9  8  7  7  6  5  3  4  5  8  7  8  9  [94m0[0m  1  2  4  5  6  9  8  9  8  6  5  3  2  3  4  5  6  7  8  9  9  8  9  9  9  3  [94m2[0m  4  9  9  8  7  9 
 3  4  1  2  3  6  7  9  9  8  7  9  8  7  9  9  9  7  6  7  9  9  7  6  5  4  3  2  [94m1[0m  4  9  8  7  5  4  3  [94m2[0m  3  4  6  8  9  2  4  6  7  8  9  9  7  9  5  4  3  9  9  8  7  6  5  9  6  9  8  9  8  9  2  3  5  8  7  9  6  7  9  7  6  5  1  6  5  6  8  9  9  9  8  9  8  9  5  4  3  9  8  9  9  [94m6[0m  7 
 2  1  [94m0[0m  1  2  6  7  8  9  9  8  9  9  8  9  9  8  6  5  7  8  9  9  7  9  5  7  4  2  3  5  9  9  6  5  4  3  5  5  6  9  2  1  2  3  5  6  7  9  8  9  9  9  2  [94m0[0m  3  9  8  8  7  8  9  6  9  7  7  8  9  5  6  9  8  9  4  6  9  9  8  1  [94m0[0m  1  2  3  5  7  8  9  7  6  7  8  9  9  9  8  6  7  8  9  8 
 3  2  1  3  4  5  8  9  [94m0[0m  2  9  4  2  9  9  8  6  5  [94m4[0m  7  9  9  9  8  8  7  6  5  3  4  6  9  8  7  9  6  5  6  9  8  9  1  [94m0[0m  1  2  6  8  9  6  9  9  8  8  9  1  2  3  9  9  8  9  7  5  4  5  6  7  8  9  7  8  9  [94m2[0m  3  9  8  7  9  2  1  2  3  9  6  8  9  5  8  5  6  9  9  8  7  6  5  8  9  1  9 
 4  3  2  3  6  6  7  8  9  9  4  3  [94m1[0m  2  9  9  8  6  5  6  7  8  9  9  9  8  7  5  4  6  7  8  9  9  8  7  9  8  9  9  9  9  1  2  9  8  9  4  5  9  8  7  7  8  9  6  4  5  9  9  7  6  4  3  4  5  6  7  8  9  9  5  4  9  9  9  6  5  3  2  4  6  7  9  9  5  4  2  4  5  9  8  7  6  5  [94m4[0m  9  2  [94m0[0m  1 
 6  4  5  4  7  9  8  9  8  8  9  4  9  9  8  7  9  7  8  7  8  9  5  4  3  9  8  7  5  9  8  9  2  3  9  8  9  9  8  7  7  8  9  9  8  9  5  [94m3[0m  9  9  7  6  5  6  7  9  5  9  8  6  5  4  3  2  3  4  7  8  9  9  9  9  9  8  9  8  7  5  4  7  5  7  8  9  8  9  3  1  3  4  5  9  9  8  6  7  8  9  1  2 
 7  5  6  5  8  9  9  5  6  7  8  9  8  7  6  5  9  8  9  9  9  9  4  3  2  3  9  9  9  9  9  2  [94m1[0m  2  3  9  9  8  7  6  5  6  9  8  7  8  9  9  8  7  6  5  4  5  8  9  6  7  9  8  7  5  4  [94m1[0m  7  6  7  9  7  9  8  8  9  7  6  9  8  7  5  7  6  8  9  6  7  8  9  [94m0[0m  1  5  6  9  9  9  7  8  9  3  2  3 
 8  7  8  7  8  9  [94m3[0m  4  5  8  9  9  9  9  9  4  3  9  5  6  7  8  9  4  [94m0[0m  9  9  8  7  9  8  9  9  3  5  6  9  7  6  5  4  9  8  5  6  7  8  9  7  6  5  4  3  7  8  9  9  8  9  9  8  6  5  2  3  7  8  9  6  7  6  7  8  9  4  3  9  8  6  7  7  9  7  5  6  7  9  9  2  9  9  8  9  9  9  9  6  5  4  7 
 9  8  9  8  9  8  4  5  6  7  8  9  9  9  8  9  [94m2[0m  3  4  5  6  7  8  9  9  8  9  5  5  7  6  7  8  9  6  7  9  8  5  4  3  7  6  4  5  6  8  9  9  9  8  9  2  3  4  9  8  9  9  7  6  5  4  3  5  7  8  9  5  4  5  8  7  8  9  2  1  9  7  8  8  9  5  4  9  8  9  8  9  8  6  7  8  9  7  6  9  7  5  6 
 8  9  9  9  7  6  5  6  9  8  9  6  9  8  7  8  9  8  7  6  7  9  9  9  9  7  8  4  4  4  5  6  8  9  7  9  8  7  6  5  2  [94m1[0m  2  3  4  5  6  9  8  7  6  2  [94m1[0m  3  4  5  6  7  8  9  7  6  6  5  6  8  9  5  4  3  4  5  6  7  8  9  [94m0[0m  9  8  9  9  4  3  3  8  9  8  7  6  5  [94m4[0m  6  7  8  9  5  9  8  9  7 
 7  6  8  9  8  7  8  7  8  9  7  5  7  7  6  7  8  9  8  9  9  1  9  8  7  6  4  3  2  3  4  7  7  8  9  4  9  8  5  4  3  2  3  4  5  6  7  9  8  7  4  3  4  5  7  7  8  9  9  9  8  7  7  8  7  8  9  6  4  [94m2[0m  3  4  5  6  7  8  9  9  9  5  4  3  2  2  7  6  9  9  8  6  5  7  8  9  2  4  4  9  9  8 
 6  5  6  7  9  8  9  8  9  7  6  4  3  4  5  6  7  8  9  2  1  [94m0[0m  2  9  9  7  5  3  1  2  4  5  6  9  5  [94m3[0m  4  9  9  9  9  5  4  5  6  7  9  8  7  6  5  4  5  6  8  8  9  9  8  9  9  8  9  9  9  9  9  7  6  5  4  6  7  8  8  9  9  8  7  6  5  4  1  [94m0[0m  3  4  5  6  9  8  6  9  9  [94m0[0m  1  2  3  4  6  9 
 5  4  7  8  9  9  9  9  7  6  5  3  2  3  4  5  6  8  9  3  2  1  3  9  8  9  2  1  [94m0[0m  1  5  6  7  8  9  6  5  9  8  7  8  9  5  6  7  8  9  9  8  8  6  5  6  7  9  9  4  5  7  9  9  9  9  8  9  9  9  8  7  6  9  8  9  9  9  6  7  9  8  7  9  3  2  1  2  5  6  8  9  9  8  9  3  2  6  4  5  5  6  7 
 4  [94m3[0m  6  9  8  9  8  7  6  4  3  2  1  2  3  4  7  8  9  9  3  2  9  8  7  9  3  2  1  2  4  7  8  9  9  7  6  9  9  6  7  9  9  7  9  9  8  7  9  9  7  8  7  9  5  6  3  4  5  6  8  9  8  7  8  9  9  9  8  7  8  9  6  7  6  5  9  7  9  9  8  4  3  2  4  5  7  9  6  7  9  9  4  3  7  8  7  6  9  9 
 5  4  5  6  7  9  8  7  6  5  4  1  [94m0[0m  1  2  3  5  6  7  8  9  3  9  9  6  8  9  3  2  4  5  8  9  9  9  8  9  8  7  5  7  7  8  9  8  6  5  6  5  9  8  9  8  9  4  3  [94m2[0m  5  6  8  9  9  7  6  7  9  9  8  9  8  9  6  5  4  3  4  7  6  9  8  7  6  4  5  8  6  8  9  5  5  7  8  9  9  9  9  8  7  8  9 
 6  5  6  8  8  9  9  8  7  9  3  2  1  2  3  5  7  7  8  9  9  9  8  7  5  7  8  9  3  5  9  9  8  9  8  9  8  7  6  4  5  6  7  8  9  7  4  5  4  5  9  8  9  6  5  4  3  4  7  9  8  7  6  5  6  8  9  7  6  9  9  9  6  3  [94m2[0m  3  4  5  9  9  8  7  5  6  8  7  8  9  4  4  5  6  7  8  9  9  9  8  9  7 
 7  6  7  9  9  3  2  9  9  8  9  3  2  4  4  6  7  9  9  9  8  7  7  5  4  5  6  8  9  9  8  7  6  6  7  8  9  8  3  2  4  5  6  7  7  9  2  1  3  4  5  7  8  9  6  5  4  5  6  7  9  8  7  4  5  7  9  9  4  3  9  8  7  8  9  9  9  6  8  9  9  8  7  8  9  8  9  3  2  3  4  7  8  9  6  7  8  9  6  5 
 8  9  9  8  9  2  [94m1[0m  9  8  7  9  9  9  9  6  7  8  9  9  8  7  6  5  4  3  4  7  9  8  9  9  8  5  4  6  9  8  9  [94m0[0m  1  2  3  4  5  6  8  9  [94m0[0m  2  3  4  5  6  7  9  6  5  6  7  8  9  8  6  [94m3[0m  4  6  7  8  9  [94m2[0m  3  9  9  9  9  8  7  9  9  6  5  9  8  9  9  9  3  2  [94m1[0m  4  5  7  9  6  5  6  7  9  7  3 
 9  8  6  7  8  9  9  8  9  6  9  8  7  8  9  9  9  9  8  7  6  5  4  3  2  4  5  6  7  8  9  7  8  3  9  8  7  8  9  2  3  4  5  6  8  9  2  1  4  6  9  6  8  9  8  7  6  7  9  9  8  6  5  4  5  6  7  9  9  9  4  5  7  9  8  7  6  8  8  9  4  3  9  9  8  6  4  3  4  6  6  9  6  5  [94m4[0m  5  9  8  9  [94m2[0m 
 8  7  5  6  7  9  8  7  6  5  6  9  5  6  7  8  9  9  9  8  9  7  5  5  [94m1[0m  2  3  5  6  9  9  5  4  2  3  5  6  7  8  9  4  6  6  8  9  5  4  3  8  7  8  9  9  9  9  8  7  9  9  7  9  8  6  5  6  7  8  9  7  8  9  6  9  8  9  6  5  6  7  8  9  [94m1[0m  2  3  9  8  9  4  9  9  7  8  9  6  5  6  9  7  8  9 
 4  3  4  8  8  9  8  6  5  4  2  5  4  7  6  8  9  9  9  9  5  9  6  5  2  3  5  7  8  9  8  4  2  1  3  6  8  9  9  6  5  9  8  9  8  7  5  4  9  8  9  9  9  8  9  9  9  9  8  6  7  9  7  9  7  8  9  7  6  7  9  9  8  7  6  5  4  5  6  7  8  9  3  4  9  9  8  9  7  8  9  9  9  8  8  7  9  6  7  5 
 2  [94m1[0m  2  3  9  9  8  7  6  3  [94m1[0m  2  3  4  5  6  7  8  9  2  3  9  7  4  3  5  6  8  9  8  7  2  1  [94m0[0m  1  5  6  9  8  7  6  7  9  2  9  7  6  5  6  7  8  9  8  7  8  9  8  7  6  5  6  8  9  9  8  9  7  6  5  9  7  9  8  7  6  5  3  4  5  6  9  5  4  9  8  8  7  8  6  7  8  8  9  9  9  9  8  4  [94m2[0m  3 
 3  2  3  9  [94m1[0m  2  9  8  6  4  3  4  6  5  7  9  8  9  [94m0[0m  1  2  6  9  8  7  6  7  9  8  7  5  4  3  1  2  3  4  8  9  8  7  8  9  [94m1[0m  9  8  9  8  7  9  9  7  [94m5[0m  6  9  8  7  6  5  4  3  9  8  8  9  8  7  5  4  5  6  7  9  8  9  2  [94m1[0m  2  9  9  8  9  6  9  7  6  6  6  5  6  7  7  8  9  3  9  7  6  7  4 
 5  4  9  8  9  9  8  7  6  5  4  5  7  6  7  8  9  8  9  3  4  5  9  9  9  8  9  3  9  8  6  5  3  2  4  5  6  7  8  9  9  9  9  9  9  9  7  9  8  9  9  8  6  7  8  9  9  8  7  3  [94m2[0m  5  6  7  8  9  6  5  3  4  5  6  9  9  8  9  3  9  8  8  7  9  9  8  6  5  5  3  4  3  5  6  7  9  [94m2[0m  9  8  7  8  6 
 6  9  8  7  6  8  9  9  8  6  6  7  8  7  9  9  7  7  8  9  9  9  8  7  8  9  1  2  9  7  6  5  4  3  4  6  7  8  9  5  6  6  7  8  9  [94m4[0m  5  6  9  9  8  9  7  9  9  9  9  8  6  4  3  4  8  8  9  6  5  4  2  3  4  9  8  8  7  8  9  8  7  9  6  9  8  6  5  4  3  2  3  2  4  7  7  8  9  9  9  8  9  7 
 9  8  7  6  5  7  9  9  9  7  9  8  9  8  9  [94m1[0m  5  6  6  7  8  9  9  6  7  1  [94m0[0m  9  8  9  8  6  5  4  5  6  7  9  7  3  4  5  6  7  8  9  9  9  4  6  7  9  9  8  7  9  8  7  6  5  6  5  6  7  8  9  3  2  [94m1[0m  2  9  8  7  5  6  9  9  7  6  6  5  6  9  8  6  5  4  1  [94m0[0m  1  3  5  6  7  8  9  9  9  9  8 
 9  7  6  5  4  6  8  9  9  8  9  9  9  9  3  2  3  4  5  6  9  8  7  5  4  3  9  8  7  6  9  7  6  7  6  7  8  9  6  [94m2[0m  3  4  7  9  9  9  8  7  3  5  9  8  9  7  6  5  9  8  7  6  7  7  7  9  9  8  4  3  2  9  7  6  5  4  6  7  9  6  5  5  4  5  9  8  7  6  5  6  7  2  3  4  5  9  9  9  9  9  9  9 
 7  6  5  4  3  5  7  8  9  9  9  8  9  9  9  3  9  9  6  7  8  9  9  6  5  9  8  7  6  5  9  8  9  8  8  8  9  6  5  3  4  5  8  9  9  8  7  6  [94m2[0m  9  8  7  6  5  4  3  4  9  8  9  8  8  9  9  8  7  6  4  9  8  6  5  4  3  8  9  8  9  4  3  2  1  2  9  9  8  6  7  9  3  6  5  7  8  9  8  7  8  9  9 
 6  5  4  3  2  4  6  7  8  9  8  7  9  8  7  9  7  8  9  8  9  8  9  9  6  9  8  6  5  4  3  9  6  9  9  9  9  7  8  4  5  6  7  8  9  7  6  5  4  9  9  8  7  4  3  2  3  6  9  9  9  9  9  9  9  8  7  5  6  9  8  6  5  2  3  4  7  8  9  2  1  [94m0[0m  1  5  6  9  7  8  5  4  7  7  8  9  4  7  6  7  8  9 
 6  4  3  2  [94m1[0m  3  5  6  7  8  9  6  7  8  6  5  6  7  8  9  8  7  9  8  9  9  8  7  5  4  2  3  5  5  6  7  8  9  9  6  7  8  8  9  6  9  8  7  9  8  7  6  5  7  4  1  3  5  7  8  9  9  8  7  5  9  8  9  9  7  9  7  3  1  2  3  5  7  9  9  3  1  3  4  5  8  9  9  6  5  8  8  9  2  3  4  5  6  9  9 
 7  6  8  7  5  4  8  7  8  9  6  5  6  6  5  4  5  9  9  8  7  6  7  6  7  8  9  5  4  3  1  2  3  4  5  6  7  8  9  9  8  9  9  3  5  6  9  9  8  7  6  5  4  3  1  [94m0[0m  1  3  8  9  [94m2[0m  3  9  [94m3[0m  4  6  9  9  8  6  5  2  1  [94m0[0m  3  4  5  6  7  8  9  2  4  5  6  7  8  9  8  6  7  9  [94m0[0m  1  5  5  7  7  8  9 
 9  7  9  8  6  5  6  8  9  9  5  4  5  4  3  3  9  8  7  6  5  4  4  5  6  9  8  7  6  5  [94m0[0m  1  2  5  6  7  8  9  6  7  9  4  3  [94m2[0m  4  9  6  5  9  8  9  6  4  3  2  3  5  4  9  8  9  9  8  9  5  7  8  9  8  7  4  3  2  1  4  5  6  7  9  9  5  4  6  6  7  8  9  8  9  7  9  2  1  2  6  7  8  9  9  4 
 9  8  9  8  7  8  7  9  9  8  6  2  1  [94m0[0m  1  2  9  7  6  5  [94m1[0m  2  3  4  5  7  9  8  7  6  1  3  3  4  7  8  9  4  5  8  9  5  4  9  9  8  9  [94m4[0m  9  9  9  9  5  6  3  7  6  5  6  7  9  8  7  8  9  9  9  9  7  6  5  6  5  3  5  8  7  8  9  9  7  6  8  9  8  9  9  7  9  8  9  9  5  4  5  6  9  3  1  3 
 8  9  9  9  9  9  8  9  9  9  7  3  2  1  3  5  9  9  7  4  3  3  5  5  8  9  9  9  8  7  3  5  4  7  9  9  7  [94m3[0m  7  8  9  9  9  8  7  6  7  9  7  6  9  8  7  5  4  8  7  6  7  9  8  7  6  7  9  8  9  9  8  9  9  8  7  4  6  7  8  9  8  9  8  9  9  [94m2[0m  9  8  7  6  8  9  6  7  9  6  7  9  8  9  [94m0[0m  1 
 7  8  9  9  8  9  9  9  8  6  5  4  3  2  4  9  8  7  6  5  4  7  6  6  7  8  9  8  9  8  4  7  5  6  8  9  5  4  8  9  9  8  7  9  4  5  6  7  9  5  4  9  8  6  5  6  7  7  8  9  9  6  5  4  8  7  8  9  9  [94m0[0m  2  9  8  9  9  8  9  5  7  5  9  9  9  4  9  7  6  5  7  6  5  6  8  9  9  9  7  8  9  9 
 6  7  8  9  7  6  3  2  9  8  8  5  4  6  5  8  9  9  7  6  5  9  8  7  9  9  8  7  8  9  9  8  6  7  8  9  6  9  9  9  8  7  6  4  [94m3[0m  5  6  7  8  9  [94m3[0m  9  9  7  8  7  8  8  9  9  8  7  4  [94m3[0m  4  5  6  8  9  1  9  9  9  9  7  9  5  4  6  4  6  7  8  9  9  8  5  4  2  3  4  5  6  7  8  9  5  9  9  8 
 5  6  7  8  9  4  3  1  4  9  7  6  5  8  6  7  8  9  9  7  9  2  9  8  9  9  7  6  7  8  9  9  9  8  9  7  9  8  9  9  9  8  7  5  4  9  8  9  9  5  9  8  9  8  9  8  9  9  2  3  9  6  5  4  7  8  9  9  7  9  7  9  9  8  6  8  9  3  [94m2[0m  3  4  5  6  7  9  9  7  2  [94m1[0m  2  3  4  7  8  9  2  4  9  8  7 
 [94m4[0m  7  8  9  4  3  2  [94m0[0m  2  7  9  8  6  8  7  8  9  9  8  9  1  [94m0[0m  9  9  6  7  6  5  6  7  8  9  9  9  4  5  6  7  8  9  8  9  8  9  5  6  9  6  5  4  6  7  8  9  9  9  9  9  [94m1[0m  9  8  7  6  5  6  8  9  5  6  5  6  8  9  6  [94m5[0m  7  8  9  6  5  6  6  7  9  8  7  6  3  2  4  4  5  6  9  1  [94m0[0m  9  8  7  6 
 9  8  9  9  8  4  3  4  5  6  7  9  7  8  9  9  9  8  7  8  9  9  8  7  5  6  5  4  5  6  7  8  9  [94m2[0m  3  4  5  7  9  8  7  7  9  7  6  7  8  9  5  3  4  5  6  7  8  9  8  8  9  8  9  8  7  6  7  8  9  4  [94m3[0m  4  7  9  8  7  9  8  9  9  7  6  7  8  9  8  7  6  5  4  5  5  9  7  8  9  2  9  9  9  5  4 
 9  9  9  9  7  5  4  5  6  8  9  9  8  9  9  8  9  7  6  7  8  9  6  5  4  5  6  3  4  7  9  9  5  4  4  6  7  9  9  7  6  5  9  8  7  8  9  4  3  2  3  4  5  8  9  9  6  7  9  7  9  9  8  7  9  9  6  5  4  5  8  9  9  8  9  9  6  9  8  7  8  9  8  9  9  7  6  5  6  6  7  8  9  9  9  8  7  8  3  2 
 9  9  9  8  7  6  5  6  7  8  9  1  9  9  8  7  5  6  5  6  9  9  9  4  3  2  4  2  3  4  8  9  7  6  7  7  8  9  7  6  5  4  3  9  8  9  5  4  2  [94m1[0m  9  9  7  8  9  8  5  6  5  6  7  6  9  9  3  9  7  6  9  6  7  9  9  9  4  [94m3[0m  5  6  9  8  9  8  7  5  9  8  7  6  7  7  9  9  9  9  8  7  6  5  2  1 
 8  9  8  9  8  7  6  7  8  9  1  [94m0[0m  9  8  7  5  4  5  4  6  8  9  8  9  3  1  [94m0[0m  1  5  6  7  8  9  8  9  8  9  9  7  5  4  3  2  3  9  7  6  5  9  9  8  8  9  9  8  7  4  3  4  3  4  5  6  9  [94m2[0m  9  8  7  8  7  8  9  8  7  5  9  6  9  9  9  9  9  6  4  3  9  9  8  8  9  6  5  9  8  7  6  5  4  3  [94m0[0m 
 7  9  7  6  9  8  9  8  9  3  2  9  8  7  5  5  3  2  3  4  5  6  7  8  9  2  3  2  4  5  6  7  8  9  [94m0[0m  9  [94m0[0m  9  8  6  9  4  1  [94m0[0m  9  8  7  9  8  7  6  7  9  9  7  6  3  2  [94m1[0m  2  9  6  7  8  9  6  9  8  9  9  9  6  9  8  9  8  9  8  8  9  9  8  9  3  2  4  4  9  9  8  7  4  3  9  8  7  5  4  2  1 
 6  8  9  5  [94m4[0m  9  2  9  9  4  3  9  8  9  4  3  2  1  2  3  4  5  7  9  5  4  6  7  7  6  7  8  9  2  1  9  1  9  9  9  8  9  2  1  4  9  8  9  9  6  5  6  7  8  9  5  4  7  2  9  8  9  8  9  6  5  4  9  9  [94m3[0m  4  5  6  9  8  7  7  7  6  8  9  7  8  9  1  2  3  4  5  9  8  3  2  [94m1[0m  9  8  7  6  3  2 
 5  9  9  9  9  1  [94m0[0m  9  8  9  9  8  7  6  5  3  2  [94m0[0m  2  4  5  6  7  8  9  5  7  8  9  7  8  9  4  3  9  8  9  8  9  8  7  8  9  2  3  6  9  8  7  6  4  6  7  9  7  6  5  6  9  [94m5[0m  6  9  9  6  5  3  [94m2[0m  3  8  9  7  6  7  9  9  6  5  4  5  4  5  6  9  1  [94m0[0m  1  2  3  9  8  7  5  3  2  3  9  8  9  4  3 
 4  6  8  7  8  9  9  8  7  5  [94m4[0m  9  9  8  5  4  5  7  8  5  6  9  8  9  7  9  8  9  9  8  9  6  5  9  8  7  8  7  6  7  6  7  9  3  4  5  9  9  8  3  3  4  6  8  9  8  9  9  8  9  7  8  9  8  6  7  5  4  7  8  9  7  9  8  8  5  4  3  2  3  4  5  8  9  1  4  3  5  7  9  8  5  4  3  4  5  9  6  5  4 
 3  4  9  6  7  8  9  9  8  6  7  9  9  8  7  5  9  8  9  6  8  9  9  6  5  3  9  5  6  9  9  8  9  9  7  6  7  6  5  4  5  7  8  9  5  9  8  8  6  [94m1[0m  2  3  8  9  9  9  8  9  7  9  9  9  9  9  8  9  6  5  6  7  8  9  8  7  6  5  4  2  1  2  5  6  7  8  9  5  4  5  8  9  9  8  6  6  5  9  9  9  7  5 
 2  3  4  5  6  7  8  9  9  7  8  9  8  9  7  6  7  9  8  7  9  8  7  5  4  2  3  4  5  7  9  9  8  7  6  5  4  3  2  3  4  6  7  9  9  8  7  6  5  3  3  5  7  8  9  9  7  5  6  3  9  8  7  8  9  8  7  6  7  9  9  9  9  8  5  4  2  1  [94m0[0m  1  6  8  9  9  8  7  6  6  7  8  9  9  7  8  7  8  9  9  8  9 
 1  4  5  6  7  8  9  9  9  8  9  6  6  9  8  7  8  9  9  8  9  8  6  5  5  1  2  3  6  7  8  9  9  9  8  4  3  2  1  2  3  4  5  6  8  9  9  7  6  5  4  7  9  9  9  7  6  4  5  2  6  5  6  7  9  9  8  9  8  9  9  8  8  9  7  5  4  3  2  2  5  9  7  8  9  9  8  7  8  9  3  1  9  9  8  9  9  8  9  9 
 [94m0[0m  2  6  7  8  9  9  8  6  9  4  4  5  6  9  8  9  9  9  9  8  9  6  3  2  [94m0[0m  1  6  7  8  9  6  5  [94m4[0m  9  5  4  3  [94m0[0m  1  3  8  6  7  9  7  8  9  7  6  7  8  9  9  8  6  5  3  2  1  2  3  4  9  9  9  9  8  9  9  8  6  7  9  9  7  5  4  6  3  4  5  6  7  8  9  9  8  9  9  2  [94m0[0m  9  8  9  6  5  7  8  9 
 9  4  6  9  9  2  3  9  5  4  [94m2[0m  3  6  7  8  9  9  9  8  6  7  9  5  4  2  1  2  4  5  7  8  9  7  9  8  6  5  7  1  6  5  7  7  8  9  6  7  7  9  9  8  9  9  9  8  6  3  2  1  [94m0[0m  1  2  3  9  8  7  7  6  4  5  4  5  6  7  8  9  6  6  7  4  5  6  7  9  9  6  5  9  7  8  9  9  8  7  6  5  [94m4[0m  5  6  7 
 8  9  9  9  9  [94m1[0m  9  8  7  8  9  9  7  9  9  9  9  9  7  5  6  8  9  9  3  2  9  5  6  8  9  8  9  9  8  7  6  8  9  7  6  7  9  9  5  4  5  6  7  8  9  6  9  8  7  5  4  3  2  1  2  3  4  9  7  6  5  4  3  2  3  4  7  8  9  8  7  7  8  5  6  8  8  9  2  3  4  5  6  9  4  [94m3[0m  9  8  7  6  7  6  7  8 
 7  8  8  7  8  9  9  9  8  9  8  8  9  9  9  9  8  7  6  4  5  7  7  8  9  9  8  9  7  8  9  7  8  9  9  9  8  9  9  8  7  8  9  3  4  3  6  7  9  9  6  4  5  9  7  6  5  4  3  4  3  5  9  8  6  5  4  3  2  [94m1[0m  2  3  6  7  8  9  8  8  9  6  7  8  9  [94m0[0m  1  2  9  9  7  8  9  4  5  9  9  9  8  7  8  9 
 6  5  7  6  7  8  9  9  9  9  7  6  8  7  9  8  7  6  5  3  5  4  6  9  9  9  7  9  9  9  8  6  7  9  7  8  9  6  5  9  8  9  3  2  1  2  4  8  9  8  7  3  [94m2[0m  9  8  7  8  5  7  6  4  7  8  9  9  6  5  4  4  6  5  4  5  8  9  9  9  9  8  7  9  9  9  9  9  9  8  7  9  9  9  5  6  7  9  9  9  8  9  3 
 5  4  5  4  6  7  8  9  8  8  6  5  7  6  6  9  9  8  9  2  [94m1[0m  2  9  8  9  7  6  7  8  9  7  5  7  8  6  7  9  9  4  [94m3[0m  9  5  4  4  [94m0[0m  1  6  7  8  9  9  4  5  6  9  8  7  6  9  8  9  9  9  9  8  7  6  5  5  7  6  5  6  9  9  9  [94m0[0m  2  9  8  9  [94m1[0m  9  8  7  6  8  6  8  9  8  9  7  8  9  9  8  9  4  [94m2[0m 
 6  2  [94m1[0m  3  4  6  9  9  7  6  5  4  3  4  5  7  8  9  8  9  2  9  8  7  6  4  5  6  8  9  6  4  3  4  5  7  8  8  9  4  9  7  5  6  2  6  8  9  9  7  8  9  9  7  8  9  8  9  8  9  9  9  9  7  9  9  8  9  6  9  7  9  7  8  9  8  9  9  8  9  3  2  3  9  6  5  4  5  6  5  7  8  9  9  9  9  7  6  5  3 
 7  5  3  4  5  7  8  9  5  4  3  3  2  5  9  8  9  9  7  8  9  9  9  5  4  [94m3[0m  4  5  9  6  5  3  2  3  4  5  6  7  8  9  8  7  6  5  4  5  6  7  9  6  7  9  8  9  9  9  9  8  7  8  9  8  9  6  9  8  9  9  7  9  8  9  8  9  6  7  9  8  7  5  4  3  9  8  7  4  3  2  3  4  6  9  9  8  7  8  9  7  6  7 
 8  9  4  5  7  8  9  7  6  4  1  [94m0[0m  1  2  3  9  8  7  6  7  9  9  8  7  5  6  9  7  8  9  4  2  1  2  3  9  9  8  9  9  9  9  8  6  6  6  7  8  9  4  5  6  7  8  9  9  8  9  6  7  9  7  6  5  8  7  9  9  8  9  9  9  9  6  5  6  7  9  8  6  5  4  9  8  7  6  2  1  4  9  9  8  8  7  6  7  9  9  8  8 
 9  7  6  7  8  9  7  6  5  3  2  1  4  3  9  8  7  8  5  7  8  9  9  7  6  9  8  9  9  7  6  2  [94m0[0m  1  9  8  7  9  8  9  1  [94m0[0m  9  8  7  7  8  9  [94m1[0m  3  4  5  6  7  9  7  6  5  5  7  8  9  5  4  5  6  7  8  9  8  9  8  9  5  4  5  6  5  9  7  6  5  6  9  9  7  1  [94m0[0m  9  8  7  6  7  4  5  6  7  8  9  9 
 9  8  7  8  9  9  9  7  6  4  3  2  3  9  8  7  6  7  4  5  6  7  8  9  7  9  7  8  9  4  3  2  1  9  8  9  6  5  7  9  2  9  9  9  8  9  9  4  3  4  5  6  9  9  8  6  7  4  4  5  8  9  4  3  4  5  6  9  6  7  8  7  8  9  3  [94m1[0m  3  4  9  8  8  9  7  9  9  8  3  1  2  9  8  5  4  3  4  5  6  7  8  9 
 6  9  8  9  7  8  9  9  7  5  4  3  9  8  7  6  5  6  3  4  5  6  9  9  9  8  6  7  8  9  4  3  2  9  7  8  5  4  9  8  9  8  9  9  9  8  6  5  7  5  6  9  8  7  6  5  3  3  2  6  7  9  3  [94m2[0m  6  7  8  9  5  5  4  6  7  8  9  3  4  5  6  9  9  2  9  8  7  5  4  2  9  7  5  4  3  2  5  4  5  6  9  9 
 5  4  9  7  5  6  9  8  7  6  7  9  8  7  6  5  4  4  2  4  9  9  9  9  8  7  [94m5[0m  8  9  6  5  4  9  8  6  7  4  3  5  6  6  7  8  9  3  9  9  7  8  9  9  8  9  7  5  4  2  [94m0[0m  1  5  7  8  9  3  4  8  9  5  4  3  2  4  8  9  5  4  5  6  7  8  9  [94m1[0m  5  9  8  6  5  9  8  6  4  3  2  [94m1[0m  2  3  4  5  6  8 
 4  3  [94m2[0m  3  4  5  6  9  8  8  9  9  9  6  5  4  3  2  [94m1[0m  3  7  8  9  5  9  9  6  7  9  7  6  9  8  7  5  4  3  2  3  4  5  6  8  9  2  1  9  8  9  9  8  7  6  5  4  3  2  1  3  4  5  7  8  9  5  9  9  4  3  2  [94m1[0m  3  9  8  9  6  6  8  9  9  3  2  3  9  8  7  6  9  7  6  5  4  3  4  6  5  6  8  9  9 
 5  4  3  5  5  6  7  8  9  9  9  9  8  7  6  6  5  6  2  4  5  7  9  [94m4[0m  9  8  7  8  9  8  7  8  9  8  6  5  6  [94m0[0m  4  5  6  7  9  2  1  [94m0[0m  1  9  1  [94m0[0m  9  9  8  6  5  4  3  2  4  6  7  8  9  7  6  7  8  9  4  5  5  4  6  7  8  9  7  9  6  5  4  6  4  5  9  8  7  9  8  7  6  5  4  5  7  6  7  8  9  9 

Solution: 539
